,ID,Cluster ID
0,1,-1
1,2,-1
2,5,-1
3,6,-1
4,7,-1
5,8,-1
6,10,0
7,11,-1
8,12,-1
9,14,-1
10,15,1
11,16,-1
12,17,1
13,18,2
14,23,0
15,24,-1
16,25,-1
17,27,2
18,28,-1
19,29,-1
20,30,-1
21,31,-1
22,32,-1
23,33,-1
24,34,-1
25,37,-1
26,39,1
27,40,-1
28,41,-1
29,42,0
30,43,-1
31,44,-1
32,45,-1
33,48,-1
34,49,-1
35,50,-1
36,52,3
37,54,2
38,55,-1
39,58,-1
40,59,2
41,60,-1
42,61,0
43,62,-1
44,64,-1
45,67,-1
46,68,2
47,69,-1
48,70,-1
49,71,0
50,72,-1
51,73,-1
52,74,-1
53,76,-1
54,77,-1
55,78,-1
56,79,3
57,80,-1
58,81,-1
59,84,-1
60,86,3
61,88,-1
62,89,-1
63,90,-1
64,91,-1
65,93,-1
66,94,-1
67,95,-1
68,97,3
69,98,-1
70,99,-1
71,101,-1
72,102,-1
73,104,3
74,107,-1
75,108,-1
76,109,-1
77,110,-1
78,111,2
79,112,2
80,113,2
81,114,-1
82,116,-1
83,117,-1
84,118,-1
85,120,-1
86,121,-1
87,124,-1
88,125,-1
89,126,-1
90,128,-1
91,129,-1
92,130,2
93,131,2
94,132,-1
95,133,3
96,134,3
97,135,-1
98,137,-1
99,138,-1
100,139,-1
101,140,-1
102,141,-1
103,142,-1
104,146,-1
105,147,0
106,148,0
107,150,-1
108,152,-1
109,154,-1
110,156,-1
111,157,-1
112,158,-1
113,161,0
114,162,-1
115,163,-1
116,165,-1
117,166,3
118,167,-1
119,169,2
120,172,0
121,174,-1
122,175,-1
123,177,-1
124,178,-1
125,179,-1
126,180,2
127,182,-1
128,183,-1
129,184,-1
130,186,2
131,187,2
132,188,-1
133,190,-1
134,192,-1
135,193,1
136,195,-1
137,196,-1
138,197,-1
139,198,-1
140,200,-1
141,201,-1
142,202,-1
143,203,-1
144,204,-1
145,205,-1
146,206,-1
147,207,-1
148,208,-1
149,209,-1
150,211,-1
151,212,-1
152,213,2
153,214,-1
154,215,3
155,217,-1
156,219,-1
157,220,-1
158,222,0
159,223,-1
160,224,-1
161,225,0
162,226,-1
163,228,-1
164,229,-1
165,230,-1
166,232,-1
167,233,2
168,234,-1
169,235,-1
170,236,-1
171,238,-1
172,239,-1
173,240,-1
174,241,-1
175,243,-1
176,244,-1
177,245,-1
178,246,-1
179,247,2
180,250,2
181,252,-1
182,253,-1
183,255,-1
184,256,0
185,258,-1
186,259,-1
187,260,-1
188,261,-1
189,262,-1
190,263,-1
191,264,1
192,265,-1
193,266,-1
194,267,-1
195,269,-1
196,273,-1
197,275,-1
198,276,0
199,277,-1
200,278,-1
201,279,-1
202,280,-1
203,281,0
204,285,-1
205,286,-1
206,287,1
207,288,-1
208,289,-1
209,292,-1
210,293,-1
211,294,-1
212,295,-1
213,296,3
214,297,-1
215,298,-1
216,299,2
217,300,-1
218,302,-1
219,303,2
220,304,-1
221,306,-1
222,307,2
223,308,3
224,309,-1
225,310,-1
226,311,-1
227,312,-1
228,313,3
229,315,-1
230,316,-1
231,317,1
232,319,-1
233,321,-1
234,322,-1
235,323,-1
236,324,-1
237,325,2
238,327,-1
239,328,-1
240,330,-1
241,336,-1
242,337,-1
243,338,-1
244,339,-1
245,340,-1
246,341,-1
247,342,0
248,346,-1
249,347,-1
250,351,-1
251,353,2
252,354,-1
253,357,-1
254,358,-1
255,359,-1
256,360,-1
257,361,-1
258,362,-1
259,363,-1
260,364,3
261,365,-1
262,366,-1
263,367,2
264,368,2
265,369,0
266,371,-1
267,372,-1
268,373,-1
269,374,-1
270,375,-1
271,376,-1
272,377,-1
273,378,-1
274,379,-1
275,380,-1
276,381,-1
277,382,-1
278,384,-1
279,385,-1
280,386,-1
281,387,-1
282,388,-1
283,391,0
284,393,-1
285,394,-1
286,395,2
287,396,-1
288,397,0
289,398,3
290,399,-1
291,400,-1
292,401,-1
293,402,-1
294,405,-1
295,408,0
296,412,-1
297,414,-1
298,415,-1
299,416,2
300,417,-1
301,418,2
302,419,-1
303,420,-1
304,423,3
305,424,-1
306,425,-1
307,427,-1
308,429,-1
309,430,-1
310,431,-1
311,432,-1
312,433,-1
313,434,-1
314,437,-1
315,438,-1
316,439,-1
317,440,-1
318,441,-1
319,442,-1
320,443,-1
321,444,-1
322,445,-1
323,446,-1
324,447,-1
325,448,1
326,449,-1
327,450,-1
328,452,-1
329,453,-1
330,454,-1
331,455,-1
332,456,-1
333,457,-1
334,458,1
335,461,-1
336,462,-1
337,463,-1
338,464,-1
339,465,1
340,466,-1
341,467,3
342,468,-1
343,469,0
344,470,1
345,471,-1
346,472,-1
347,473,-1
348,474,-1
349,476,3
350,477,1
351,479,1
352,481,-1
353,482,-1
354,483,-1
355,486,0
356,487,-1
357,488,-1
358,489,-1
359,490,-1
360,491,0
361,492,1
362,495,-1
363,496,-1
364,500,-1
365,502,-1
366,503,2
367,504,-1
368,508,-1
369,510,-1
370,511,-1
371,512,-1
372,513,-1
373,514,-1
374,516,-1
375,517,2
376,518,-1
377,520,-1
378,521,-1
379,522,-1
380,523,-1
381,524,-1
382,525,-1
383,526,-1
384,527,-1
385,528,3
386,529,-1
387,530,-1
388,532,-1
389,533,-1
390,534,0
391,535,3
392,536,-1
393,537,-1
394,538,-1
395,539,-1
396,540,0
397,541,3
398,542,-1
399,544,-1
400,545,-1
401,551,-1
402,552,-1
403,553,-1
404,554,-1
405,555,-1
406,556,-1
407,557,0
408,558,-1
409,559,-1
410,560,-1
411,561,-1
412,565,-1
413,566,3
414,571,2
415,572,-1
416,573,-1
417,575,2
418,576,-1
419,577,-1
420,579,0
421,580,-1
422,581,0
423,582,-1
424,584,-1
425,585,-1
426,587,-1
427,588,-1
428,589,-1
429,590,-1
430,593,-1
431,595,-1
432,596,-1
433,598,0
434,599,-1
435,601,-1
436,602,0
437,603,-1
438,604,2
439,605,-1
440,606,3
441,608,0
442,609,3
443,610,-1
444,611,-1
445,612,0
446,615,-1
447,616,-1
448,617,-1
449,619,-1
450,620,-1
451,622,-1
452,623,-1
453,624,-1
454,625,0
455,627,-1
456,628,-1
457,629,0
458,630,-1
459,633,-1
460,634,-1
461,636,-1
462,637,-1
463,639,-1
464,640,2
465,641,-1
466,642,-1
467,645,-1
468,646,-1
469,647,-1
470,648,-1
471,649,1
472,650,-1
473,651,0
474,652,-1
475,653,-1
476,654,0
477,655,2
478,658,-1
479,659,-1
480,660,-1
481,661,-1
482,663,-1
483,664,-1
484,666,-1
485,667,-1
486,668,-1
487,669,1
488,670,0
489,672,-1
490,673,-1
491,675,-1
492,676,-1
493,677,-1
494,679,-1
495,680,-1
496,681,-1
497,682,-1
498,683,-1
499,685,-1
500,686,-1
501,688,-1
502,690,-1
503,691,-1
504,692,-1
505,694,-1
506,695,-1
507,696,-1
508,697,-1
509,698,-1
510,699,-1
511,700,3
512,702,-1
513,703,-1
514,704,-1
515,705,0
516,706,-1
517,707,2
518,708,-1
519,709,-1
520,711,-1
521,714,-1
522,715,3
523,716,-1
524,717,-1
525,718,2
526,719,3
527,720,-1
528,721,1
529,722,-1
530,723,2
531,724,-1
532,725,-1
533,726,-1
534,727,-1
535,728,-1
536,729,-1
537,730,2
538,732,-1
539,733,-1
540,734,-1
541,737,-1
542,738,-1
543,739,-1
544,741,2
545,744,-1
546,745,-1
547,747,-1
548,748,-1
549,749,1
550,751,2
551,753,0
552,754,-1
553,755,-1
554,756,-1
555,758,-1
556,760,3
557,762,-1
558,763,-1
559,764,-1
560,766,-1
561,768,-1
562,769,-1
563,770,-1
564,771,-1
565,772,-1
566,773,-1
567,774,1
568,775,0
569,777,-1
570,778,-1
571,779,1
572,781,0
573,783,-1
574,784,-1
575,786,1
576,788,-1
577,789,0
578,790,-1
579,791,3
580,792,-1
581,793,3
582,794,0
583,795,-1
584,796,0
585,797,2
586,798,0
587,799,0
588,800,-1
589,801,3
590,802,-1
591,805,-1
592,806,-1
593,807,-1
594,808,-1
595,809,-1
596,810,-1
597,811,3
598,812,2
599,814,-1
600,815,3
601,816,-1
602,817,-1
603,818,-1
604,819,2
605,821,2
606,822,3
607,823,-1
608,825,3
609,827,2
610,828,-1
611,829,-1
612,830,0
613,832,-1
614,833,-1
615,834,-1
616,835,-1
617,836,-1
618,837,-1
619,840,-1
620,841,-1
621,842,2
622,843,2
623,844,-1
624,845,-1
625,847,-1
626,848,-1
627,849,2
628,850,-1
629,851,3
630,852,-1
631,853,-1
632,854,-1
633,855,-1
634,856,-1
635,857,-1
636,858,-1
637,859,-1
638,860,0
639,861,-1
640,863,1
641,864,-1
642,865,1
643,866,-1
644,867,-1
645,868,-1
646,869,-1
647,870,-1
648,871,-1
649,872,-1
650,873,3
651,874,-1
652,876,-1
653,877,-1
654,878,0
655,879,-1
656,880,3
657,881,-1
658,882,-1
659,883,-1
660,884,-1
661,885,-1
662,887,-1
663,888,-1
664,889,2
665,890,-1
666,892,-1
667,893,0
668,894,-1
669,897,-1
670,898,0
671,899,-1
672,901,-1
673,902,-1
674,903,-1
675,904,3
676,905,-1
677,906,-1
678,907,-1
679,909,-1
680,910,2
681,911,-1
682,912,2
683,913,3
684,914,2
685,915,3
686,916,-1
687,917,2
688,918,-1
689,920,-1
690,921,3
691,922,-1
692,923,2
693,924,3
694,925,1
695,926,-1
696,927,-1
697,928,0
698,930,-1
699,931,-1
700,933,-1
701,934,-1
702,935,0
703,936,-1
704,937,-1
705,938,-1
706,939,-1
707,940,-1
708,941,-1
709,942,-1
710,943,-1
711,944,1
712,945,3
713,946,1
714,947,-1
715,948,-1
716,949,-1
717,950,-1
718,951,2
719,953,-1
720,954,0
721,955,-1
722,956,1
723,958,-1
724,959,-1
725,960,-1
726,961,-1
727,962,-1
728,963,-1
729,964,-1
730,965,-1
731,966,-1
732,967,-1
733,968,-1
734,969,1
735,970,-1
736,971,-1
737,972,-1
738,973,3
739,974,-1
740,975,-1
741,976,-1
742,977,2
743,978,-1
744,979,-1
745,980,-1
746,982,1
747,983,-1
748,984,0
749,985,2
750,986,1
751,987,-1
752,988,-1
753,989,-1
754,990,-1
755,993,-1
756,995,2
757,996,-1
758,997,-1
759,998,-1
760,999,-1
761,1000,-1
762,1001,3
763,1002,3
764,1003,-1
765,1004,-1
766,1005,1
767,1007,-1
768,1008,-1
769,1010,-1
770,1011,2
771,1012,0
772,1013,-1
773,1014,-1
774,1015,-1
775,1016,-1
776,1017,-1
777,1018,2
778,1020,2
779,1021,1
780,1022,-1
781,1023,-1
782,1024,-1
783,1025,-1
784,1026,-1
785,1027,-1
786,1028,-1
787,1029,1
788,1030,1
789,1031,-1
790,1032,-1
791,1033,-1
792,1034,-1
793,1035,-1
794,1036,-1
795,1037,-1
796,1038,-1
797,1039,-1
798,1042,-1
799,1043,-1
800,1044,-1
801,1045,-1
802,1046,-1
803,1047,-1
804,1048,-1
805,1049,-1
806,1050,0
807,1052,3
808,1053,-1
809,1054,-1
810,1055,-1
811,1058,1
812,1059,-1
813,1060,-1
814,1061,-1
815,1062,-1
816,1063,-1
817,1066,-1
818,1067,-1
819,1068,-1
820,1069,-1
821,1070,-1
822,1071,-1
823,1074,-1
824,1075,3
825,1076,1
826,1077,-1
827,1078,0
828,1079,1
829,1080,2
830,1081,1
831,1082,-1
832,1083,-1
833,1084,-1
834,1085,-1
835,1086,-1
836,1087,-1
837,1088,0
838,1089,0
839,1090,-1
840,1091,-1
841,1092,-1
842,1093,1
843,1094,3
844,1095,-1
845,1098,-1
846,1099,2
847,1100,-1
848,1103,-1
849,1104,-1
850,1106,2
851,1107,-1
852,1108,-1
853,1109,-1
854,1110,0
855,1111,-1
856,1113,-1
857,1114,-1
858,1115,-1
859,1116,-1
860,1117,-1
861,1118,3
862,1119,-1
863,1120,-1
864,1121,3
865,1122,-1
866,1123,-1
867,1124,1
868,1125,-1
869,1126,0
870,1127,-1
871,1128,-1
872,1129,-1
873,1130,-1
874,1131,3
875,1132,3
876,1133,3
877,1134,-1
878,1135,-1
879,1136,-1
880,1137,1
881,1138,-1
882,1139,2
883,1140,-1
884,1141,3
885,1142,-1
886,1143,-1
887,1144,-1
888,1145,1
889,1146,-1
890,1147,3
891,1148,-1
892,1149,-1
893,1150,0
894,1151,-1
895,1152,0
896,1153,2
897,1154,-1
898,1155,2
899,1156,-1
900,1157,-1
901,1158,-1
902,1159,-1
903,1160,-1
904,1161,-1
905,1162,3
906,1163,2
907,1164,-1
908,1165,-1
909,1167,1
910,1168,-1
911,1169,-1
912,1170,-1
913,1171,-1
914,1172,-1
915,1173,-1
916,1174,3
917,1175,-1
918,1176,-1
919,1177,-1
920,1178,-1
921,1179,2
922,1180,2
923,1181,-1
924,1182,-1
925,1183,2
926,1184,2
927,1185,-1
928,1186,0
929,1187,-1
930,1189,-1
931,1191,2
932,1192,-1
933,1193,-1
934,1195,-1
935,1196,-1
936,1197,-1
937,1198,-1
938,1199,-1
939,1200,-1
940,1201,1
941,1202,-1
942,1204,-1
943,1205,-1
944,1206,0
945,1207,-1
946,1208,-1
947,1210,1
948,1213,-1
949,1214,-1
950,1215,-1
951,1216,1
952,1217,-1
953,1218,-1
954,1219,-1
955,1220,-1
956,1221,-1
957,1222,-1
958,1225,-1
959,1226,-1
960,1227,-1
961,1228,1
962,1229,-1
963,1230,2
964,1231,-1
965,1232,-1
966,1233,-1
967,1234,-1
968,1235,-1
969,1236,-1
970,1237,0
971,1238,-1
972,1239,-1
973,1241,-1
974,1243,-1
975,1245,1
976,1246,-1
977,1248,-1
978,1250,-1
979,1251,-1
980,1252,-1
981,1253,-1
982,1254,-1
983,1256,-1
984,1257,-1
985,1258,-1
986,1259,-1
987,1260,-1
988,1261,-1
989,1262,3
990,1263,-1
991,1264,-1
992,1265,-1
993,1266,-1
994,1267,0
995,1270,-1
996,1271,2
997,1272,-1
998,1273,-1
999,1276,-1
1000,1277,-1
1001,1279,-1
1002,1280,2
1003,1282,-1
1004,1283,-1
1005,1284,-1
1006,1285,-1
1007,1286,-1
1008,1287,-1
1009,1288,-1
1010,1289,-1
1011,1290,2
1012,1292,3
1013,1293,0
1014,1294,-1
1015,1295,-1
1016,1296,0
1017,1297,-1
1018,1298,-1
1019,1299,-1
1020,1300,-1
1021,1301,-1
1022,1302,-1
1023,1303,-1
1024,1304,-1
1025,1305,-1
1026,1306,-1
1027,1307,-1
1028,1309,-1
1029,1310,0
1030,1311,3
1031,1313,-1
1032,1314,-1
1033,1316,-1
1034,1317,-1
1035,1318,0
1036,1319,1
1037,1320,2
1038,1321,2
1039,1322,-1
1040,1323,3
1041,1325,-1
1042,1326,3
1043,1327,-1
1044,1328,-1
1045,1329,0
1046,1330,-1
1047,1331,-1
1048,1334,-1
1049,1336,-1
1050,1337,-1
1051,1338,-1
1052,1339,-1
1053,1341,-1
1054,1342,2
1055,1343,-1
1056,1344,1
1057,1345,-1
1058,1346,-1
1059,1347,-1
1060,1348,1
1061,1349,-1
1062,1350,-1
1063,1351,3
1064,1352,-1
1065,1353,-1
1066,1355,2
1067,1356,-1
1068,1357,-1
1069,1358,-1
1070,1359,-1
1071,1360,3
1072,1361,2
1073,1362,3
1074,1363,-1
1075,1364,-1
1076,1366,-1
1077,1367,0
1078,1368,-1
1079,1369,-1
1080,1370,2
1081,1371,-1
1082,1372,-1
1083,1373,-1
1084,1374,-1
1085,1375,-1
1086,1377,3
1087,1378,0
1088,1379,1
1089,1380,-1
1090,1381,-1
1091,1382,-1
1092,1383,-1
1093,1385,-1
1094,1386,2
1095,1387,3
1096,1388,0
1097,1389,-1
1098,1390,3
1099,1391,-1
1100,1392,-1
1101,1394,-1
1102,1395,-1
1103,1396,0
1104,1397,-1
1105,1398,-1
1106,1399,-1
1107,1400,-1
1108,1401,2
1109,1402,1
1110,1403,-1
1111,1405,-1
1112,1406,-1
1113,1407,2
1114,1408,1
1115,1409,2
1116,1411,-1
1117,1413,-1
1118,1414,-1
1119,1415,0
1120,1416,-1
1121,1417,-1
1122,1419,-1
1123,1420,-1
1124,1421,-1
1125,1422,1
1126,1425,0
1127,1426,-1
1128,1427,2
1129,1428,-1
1130,1430,-1
1131,1431,-1
1132,1432,-1
1133,1433,0
1134,1434,-1
1135,1435,-1
1136,1437,-1
1137,1438,-1
1138,1439,-1
1139,1440,-1
1140,1441,2
1141,1442,-1
1142,1443,-1
1143,1444,-1
1144,1445,0
1145,1446,-1
1146,1447,2
1147,1448,-1
1148,1450,0
1149,1451,1
1150,1452,-1
1151,1453,-1
1152,1455,-1
1153,1456,-1
1154,1458,0
1155,1460,-1
1156,1461,-1
1157,1462,-1
1158,1463,-1
1159,1464,-1
1160,1467,-1
1161,1468,-1
1162,1469,-1
1163,1470,3
1164,1471,2
1165,1473,-1
1166,1474,-1
1167,1475,-1
1168,1476,2
1169,1477,-1
1170,1478,-1
1171,1480,2
1172,1481,-1
1173,1483,-1
1174,1485,-1
1175,1487,-1
1176,1488,-1
1177,1489,-1
1178,1491,-1
1179,1492,-1
1180,1493,-1
1181,1494,2
1182,1495,-1
1183,1497,-1
1184,1498,-1
1185,1499,3
1186,1500,2
1187,1502,-1
1188,1503,-1
1189,1504,-1
1190,1505,-1
1191,1509,-1
1192,1510,-1
1193,1511,-1
1194,1512,-1
1195,1514,-1
1196,1516,-1
1197,1517,0
1198,1518,-1
1199,1519,-1
1200,1520,-1
1201,1521,-1
1202,1522,-1
1203,1523,-1
1204,1525,-1
1205,1526,-1
1206,1527,-1
1207,1528,0
1208,1530,-1
1209,1534,3
1210,1535,-1
1211,1537,-1
1212,1538,-1
1213,1539,-1
1214,1540,-1
1215,1541,-1
1216,1544,-1
1217,1545,3
1218,1546,2
1219,1549,-1
1220,1550,-1
1221,1551,2
1222,1552,-1
1223,1554,-1
1224,1555,2
1225,1556,3
1226,1557,-1
1227,1558,0
1228,1559,-1
1229,1560,-1
1230,1561,-1
1231,1562,-1
1232,1563,-1
1233,1564,-1
1234,1565,3
1235,1567,2
1236,1568,-1
1237,1569,-1
1238,1570,-1
1239,1572,-1
1240,1573,-1
1241,1574,-1
1242,1575,-1
1243,1576,-1
1244,1577,-1
1245,1578,2
1246,1579,-1
1247,1580,-1
1248,1582,-1
1249,1584,-1
1250,1585,3
1251,1586,-1
1252,1587,-1
1253,1589,-1
1254,1591,-1
1255,1592,-1
1256,1594,-1
1257,1595,-1
1258,1596,-1
1259,1598,-1
1260,1599,-1
1261,1600,-1
1262,1603,-1
1263,1604,2
1264,1608,2
1265,1609,-1
1266,1610,-1
1267,1614,3
1268,1616,2
1269,1618,3
1270,1619,-1
1271,1620,-1
1272,1621,-1
1273,1622,3
1274,1623,0
1275,1624,-1
1276,1625,-1
1277,1626,-1
1278,1627,-1
1279,1628,-1
1280,1630,-1
1281,1633,-1
1282,1634,-1
1283,1635,-1
1284,1638,-1
1285,1640,-1
1286,1641,-1
1287,1642,-1
1288,1644,-1
1289,1647,-1
1290,1648,-1
1291,1649,-1
1292,1652,-1
1293,1653,1
1294,1654,-1
1295,1655,-1
1296,1657,-1
1297,1659,2
1298,1662,-1
1299,1664,-1
1300,1665,-1
1301,1666,-1
1302,1667,-1
1303,1668,-1
1304,1670,0
1305,1671,-1
1306,1672,-1
1307,1673,1
1308,1674,3
1309,1675,-1
1310,1677,-1
1311,1678,-1
1312,1679,-1
1313,1680,2
1314,1681,-1
1315,1682,-1
1316,1684,-1
1317,1685,-1
1318,1686,-1
1319,1689,-1
1320,1690,-1
1321,1692,-1
1322,1693,-1
1323,1694,-1
1324,1696,-1
1325,1698,3
1326,1700,-1
1327,1701,-1
1328,1703,-1
1329,1706,-1
1330,1707,-1
1331,1709,2
1332,1711,-1
1333,1712,2
1334,1713,-1
1335,1715,-1
1336,1716,-1
1337,1717,3
1338,1721,-1
1339,1723,-1
1340,1724,-1
1341,1725,3
1342,1727,-1
1343,1728,-1
1344,1729,-1
1345,1730,-1
1346,1731,-1
1347,1733,-1
1348,1735,-1
1349,1736,-1
1350,1737,-1
1351,1738,1
1352,1741,-1
1353,1744,-1
1354,1745,-1
1355,1746,-1
1356,1747,-1
1357,1749,-1
1358,1750,-1
1359,1751,1
1360,1752,-1
1361,1753,-1
1362,1755,-1
1363,1756,2
1364,1758,-1
1365,1760,-1
1366,1762,-1
1367,1763,-1
1368,1764,-1
1369,1765,-1
1370,1766,2
1371,1767,1
1372,1768,0
1373,1771,-1
1374,1772,-1
1375,1773,-1
1376,1774,-1
1377,1777,-1
1378,1778,-1
1379,1779,-1
1380,1783,-1
1381,1784,-1
1382,1785,-1
1383,1786,-1
1384,1787,-1
1385,1788,-1
1386,1789,0
1387,1790,-1
1388,1791,0
1389,1793,2
1390,1794,-1
1391,1795,-1
1392,1796,-1
1393,1797,2
1394,1800,-1
1395,1801,-1
1396,1802,-1
1397,1803,3
1398,1804,2
1399,1806,-1
1400,1808,-1
1401,1809,-1
1402,1810,3
1403,1811,-1
1404,1812,-1
1405,1813,2
1406,1815,2
1407,1816,2
1408,1817,-1
1409,1818,-1
1410,1819,0
1411,1820,-1
1412,1821,-1
1413,1822,-1
1414,1824,2
1415,1825,-1
1416,1827,0
1417,1828,-1
1418,1829,0
1419,1830,1
1420,1833,-1
1421,1835,2
1422,1836,-1
1423,1838,-1
1424,1839,0
1425,1841,0
1426,1842,2
1427,1843,-1
1428,1844,-1
1429,1846,2
1430,1848,2
1431,1849,-1
1432,1850,-1
1433,1851,-1
1434,1852,-1
1435,1854,-1
1436,1856,-1
1437,1857,1
1438,1858,-1
1439,1859,2
1440,1860,-1
1441,1861,-1
1442,1862,-1
1443,1863,0
1444,1864,0
1445,1865,-1
1446,1867,0
1447,1868,2
1448,1870,-1
1449,1871,2
1450,1872,-1
1451,1873,0
1452,1874,-1
1453,1875,2
1454,1876,-1
1455,1879,-1
1456,1882,-1
1457,1883,-1
1458,1885,-1
1459,1886,1
1460,1887,-1
1461,1888,0
1462,1889,-1
1463,1890,-1
1464,1891,-1
1465,1892,-1
1466,1894,-1
1467,1895,-1
1468,1897,1
1469,1899,-1
1470,1901,2
1471,1902,-1
1472,1904,-1
1473,1905,-1
1474,1910,3
1475,1912,-1
1476,1913,-1
1477,1914,-1
1478,1916,-1
1479,1918,-1
1480,1919,-1
1481,1921,-1
1482,1922,-1
1483,1924,-1
1484,1925,-1
1485,1928,1
1486,1929,-1
1487,1930,-1
1488,1931,-1
1489,1935,-1
1490,1936,-1
1491,1937,-1
1492,1938,-1
1493,1939,-1
1494,1941,-1
1495,1942,1
1496,1944,2
1497,1945,0
1498,1947,-1
1499,1950,-1
1500,1951,-1
1501,1953,-1
1502,1954,-1
1503,1955,-1
1504,1959,-1
1505,1960,-1
1506,1961,-1
1507,1962,3
1508,1963,-1
1509,1965,-1
1510,1966,0
1511,1967,-1
1512,1968,-1
1513,1969,2
1514,1970,-1
1515,1971,-1
1516,1972,-1
1517,1973,-1
1518,1974,3
1519,1975,2
1520,1976,-1
1521,1977,2
1522,1978,-1
1523,1979,-1
1524,1980,-1
1525,1981,-1
1526,1982,-1
1527,1983,-1
1528,1984,-1
1529,1985,-1
1530,1986,-1
1531,1987,-1
1532,1991,-1
1533,1992,2
1534,1995,-1
1535,1996,-1
1536,1997,-1
1537,1999,-1
